Desc	ID	Nci	Nap	Ido	Hvit	Lst	Nlu	Ofa	Dmel
Desc	IPR027417	640	589	729	938	634	713	632	505
Desc	IPR036236	360	346	672	307	379	669	364	263
Desc	IPR036505	317	311	289	11	3	2	2	13
Desc	IPR012337	314	288	920	351	51	209	144	33
Desc	IPR011009	283	262	290	390	328	344	339	291
Desc	IPR043502	227	198	847	251	40	162	135	10
Desc	IPR016024	218	200	212	264	242	285	249	195
Desc	IPR036322	208	204	209	255	234	268	222	189
Desc	IPR011011	200	186	263	134	86	134	63	67
Desc	IPR029058	194	185	209	267	171	242	225	157
Desc	IPR036259	189	185	192	376	198	217	242	169
Desc	IPR036179	177	170	165	262	221	242	218	133
Desc	IPR036291	165	152	133	269	156	242	174	148
Desc	IPR009057	165	165	164	290	149	194	132	140
Desc	IPR011990	144	142	151	169	147	192	147	149
Desc	IPR035979	139	138	136	158	153	169	163	156
Desc	IPR038765	128	115	203	172	76	100	94	68
Desc	IPR011992	126	113	123	124	125	132	93	112
Desc	IPR036691	112	128	222	324	28	147	94	12
Desc	IPR036770	111	107	123	197	140	116	254	84
Desc	IPR036390	107	91	90	106	103	129	84	113
Desc	IPR036249	107	98	100	122	89	104	98	118
Desc	IPR009003	104	106	116	216	113	170	97	262
Desc	IPR011333	103	102	159	95	113	138	86	85
Desc	IPR036047	94	66	105	36	43	49	36	26
Desc	IPR029063	87	86	99	110	98	104	90	79
Desc	IPR036116	86	76	76	96	86	90	74	62
Desc	IPR029071	84	82	71	76	89	102	80	90
Desc	IPR036034	81	68	67	86	88	77	77	68
Desc	IPR036396	73	68	83	216	70	77	132	85
Desc	IPR036188	73	68	75	135	74	88	96	56
Desc	IPR036028	66	58	58	64	68	72	52	67
Desc	IPR013320	63	61	65	98	71	76	58	59
Desc	IPR012340	62	71	63	87	67	73	55	55
Desc	IPR017853	61	54	69	110	65	72	81	54
Desc	IPR036638	60	55	50	55	60	60	47	58
Desc	IPR036412	52	47	54	54	48	49	45	56
Desc	IPR014756	52	53	60	63	52	70	46	68
Desc	IPR036055	49	44	37	53	46	63	65	36
Desc	IPR029044	49	49	47	77	63	66	44	50
Desc	IPR036865	45	41	37	48	41	49	39	34
Desc	IPR008979	43	37	45	47	47	50	39	36
Desc	IPR036508	42	42	63	46	50	60	49	99
Desc	IPR029021	42	38	36	59	42	53	49	38
Desc	IPR023395	40	39	30	52	49	50	43	49
Desc	IPR015424	40	36	37	86	51	53	41	34
Desc	IPR013761	40	37	43	35	51	52	34	44
Desc	IPR009030	40	34	50	47	39	51	37	33
Desc	IPR043129	38	33	42	84	51	58	43	45
Desc	IPR016181	38	38	35	40	47	49	36	47
Desc	IPR016135	38	41	38	46	43	48	42	42
Desc	IPR009072	38	28	22	31	26	112	30	113
Desc	IPR036875	36	37	89	92	14	22	40	11
Desc	IPR036273	36	32	30	19	32	39	20	27
Desc	IPR036869	35	37	31	31	41	43	32	44
Desc	IPR036282	35	30	36	58	29	29	31	49
Desc	IPR036734	33	30	29	49	34	34	36	23
Desc	IPR008936	33	32	29	38	34	37	32	29
Desc	IPR036860	32	29	30	31	36	38	34	33
Desc	IPR016187	32	27	42	60	19	28	18	45
Desc	IPR009060	32	33	33	29	30	33	21	35
Desc	IPR029034	31	30	28	28	29	30	20	23
Desc	IPR029033	31	32	34	71	24	26	39	16
Desc	IPR021109	31	32	61	40	4	17	34	14
Desc	IPR036719	30	29	26	35	28	30	27	22
Desc	IPR035914	30	26	25	40	33	37	32	29
Desc	IPR016197	30	26	112	24	23	41	16	23
Desc	IPR042097	29	29	14	24	16	16	12	23
Desc	IPR036910	28	30	21	27	30	35	30	31
Desc	IPR020568	28	29	30	49	41	44	29	25
Desc	IPR015919	28	25	33	71	42	36	40	18
Desc	IPR012674	28	30	29	43	14	16	10	12
Desc	IPR036872	26	28	27	34	31	41	38	34
Desc	IPR035899	26	25	24	30	27	32	25	23
Desc	IPR029055	26	24	32	42	36	43	32	42
Desc	IPR027267	26	25	24	32	29	35	29	23
Desc	IPR017850	26	25	30	71	33	32	40	44
Desc	IPR015915	26	23	24	32	25	31	31	18
Desc	IPR036612	25	24	24	35	34	25	25	30
Desc	IPR036427	25	21	18	20	22	28	27	22
Desc	IPR009000	25	26	25	33	33	26	24	25
Desc	IPR008974	25	27	63	34	16	14	14	11
Desc	IPR036465	24	21	22	37	24	25	26	19
Desc	IPR036058	24	29	25	35	24	24	19	31
Desc	IPR036383	23	22	20	33	21	19	24	15
Desc	IPR035976	23	22	33	23	19	19	12	15
Desc	IPR035969	23	21	27	26	24	27	21	24
Desc	IPR028082	23	21	30	53	32	44	30	27
Desc	IPR010920	23	22	21	20	17	26	19	19
Desc	IPR036020	22	19	16	24	27	28	20	23
Desc	IPR008984	22	18	19	22	30	23	23	27
Desc	IPR043472	21	20	44	26	13	15	15	12
Desc	IPR036871	21	21	20	23	21	30	17	16
Desc	IPR036420	21	19	17	22	24	20	19	15
Desc	IPR035963	21	17	17	22	22	26	23	21
Desc	IPR011047	21	18	19	17	24	22	22	18
Desc	IPR036915	20	22	21	30	25	28	29	21
Desc	IPR036640	20	21	22	84	17	23	41	24
Desc	IPR018490	20	16	23	25	30	30	26	21
Desc	IPR008978	20	16	22	24	18	22	20	22
Desc	IPR036525	19	16	19	29	22	27	23	13
Desc	IPR029787	19	14	12	26	19	26	22	26
Desc	IPR023298	19	18	21	22	20	22	27	18
Desc	IPR029000	18	15	15	23	17	23	18	19
Desc	IPR008967	18	17	17	24	18	24	22	20
Desc	IPR008280	18	16	18	23	20	24	22	12
Desc	IPR036728	17	20	18	15	15	24	38	45
Desc	IPR032466	17	17	12	20	18	23	16	20
Desc	IPR011032	17	16	15	32	16	24	15	12
Desc	IPR008952	17	16	15	12	15	15	13	37
Desc	IPR036186	16	18	14	23	12	14	15	30
Desc	IPR023299	16	14	16	18	17	15	15	15
Desc	IPR011012	16	15	15	17	16	25	16	16
Desc	IPR008250	16	14	15	13	16	13	14	15
Desc	IPR037104	15	16	8	6	24	33	3	3
Desc	IPR036682	15	15	15	13	18	17	18	4
Desc	IPR035500	15	16	14	25	21	21	22	18
Desc	IPR010255	15	11	12	27	17	25	21	10
Desc	IPR009091	15	13	14	25	22	29	21	14
Desc	IPR009080	15	11	18	21	13	12	10	13
Desc	IPR043519	14	14	15	16	14	18	13	12
Desc	IPR036213	14	13	24	4	6	13	6	3
Desc	IPR035983	14	13	17	18	16	21	16	14
Desc	IPR016039	14	13	11	25	14	13	18	12
Desc	IPR037272	13	11	12	22	16	21	20	22
Desc	IPR036866	13	11	11	21	16	17	14	10
Desc	IPR036444	13	9	23	8	7	13	6	7
Desc	IPR036443	13	12	13	11	14	16	12	12
Desc	IPR036392	13	14	24	14	4	2	3	4
Desc	IPR036318	13	13	13	21	11	13	9	7
Desc	IPR029062	13	8	11	21	14	13	12	9
Desc	IPR029045	13	11	13	27	19	22	16	17
Desc	IPR016035	13	11	12	15	7	12	14	8
Desc	IPR015947	13	12	16	10	13	16	10	9
Desc	IPR015797	13	11	14	19	17	17	16	16
Desc	IPR008972	13	10	11	31	11	12	10	5
Desc	IPR037171	12	12	12	14	14	16	13	11
Desc	IPR036790	12	12	10	11	11	14	8	9
Desc	IPR036445	12	13	10	13	13	12	6	8
Desc	IPR036398	12	12	18	18	11	17	12	15
Desc	IPR036250	12	12	11	27	13	14	11	14
Desc	IPR036010	12	10	10	18	12	12	12	10
Desc	IPR035965	12	14	10	11	20	19	13	16
Desc	IPR035940	12	10	14	10	8	9	7	32
Desc	IPR029070	12	12	15	15	10	8	12	17
Desc	IPR029061	12	12	14	26	17	18	13	11
Desc	IPR029060	12	12	18	13	15	14	13	10
Desc	IPR011029	12	12	17	13	13	12	10	10
Desc	IPR010989	12	10	13	12	10	12	10	10
Desc	IPR008942	12	11	13	15	14	12	13	14
Desc	IPR037213	11	9	10	11	12	12	8	9
Desc	IPR036855	11	14	11	12	16	17	12	17
Desc	IPR036774	11	4	5	2	3	1	3	5
Desc	IPR036457	11	9	10	12	11	12	14	15
Desc	IPR036400	11	10	11	11	11	13	11	16
Desc	IPR029064	11	11	11	10	14	11	10	10
Desc	IPR027413	11	10	13	19	14	18	17	12
Desc	IPR027409	11	11	12	17	12	18	15	13
Desc	IPR011010	11	5	22	0	2	4	1	1
Desc	IPR009100	11	10	11	30	13	14	12	14
Desc	IPR008991	11	10	12	16	14	19	13	11
Desc	IPR036812	10	10	9	77	9	9	12	13
Desc	IPR036513	10	6	5	8	9	10	5	8
Desc	IPR036365	10	7	11	10	5	1	3	2
Desc	IPR036361	10	11	11	8	8	6	6	7
Desc	IPR036305	10	11	11	12	13	14	13	10
Desc	IPR029035	10	11	14	15	10	14	13	8
Desc	IPR027410	10	10	12	16	11	18	15	12
Desc	IPR020103	10	9	13	19	14	10	10	9
Desc	IPR017946	10	12	15	16	13	15	11	12
Desc	IPR016161	10	9	8	23	12	12	13	13
Desc	IPR016159	10	9	10	10	8	12	9	10
Desc	IPR011053	10	9	11	16	11	11	9	8
Desc	IPR009078	10	9	4	10	8	12	6	7
Desc	IPR008927	10	10	8	16	11	17	14	12
Desc	IPR039261	9	7	8	12	8	15	9	9
Desc	IPR037278	9	8	9	8	10	8	8	8
Desc	IPR036873	9	7	10	9	8	11	9	10
Desc	IPR036867	9	9	6	7	9	10	8	6
Desc	IPR036610	9	10	9	11	2	2	5	9
Desc	IPR036317	9	9	6	11	7	7	5	7
Desc	IPR036013	9	9	9	10	12	10	9	11
Desc	IPR036005	9	9	10	15	12	9	11	10
Desc	IPR035897	9	11	6	8	9	12	9	10
Desc	IPR029056	9	9	8	16	9	11	8	13
Desc	IPR029048	9	8	13	13	15	14	6	14
Desc	IPR029047	9	8	14	22	18	12	7	14
Desc	IPR023578	9	12	14	20	13	14	13	10
Desc	IPR023271	9	9	7	14	7	12	9	8
Desc	IPR016036	9	7	7	6	3	4	5	4
Desc	IPR008930	9	8	6	13	10	11	8	10
Desc	IPR008928	9	9	8	14	11	11	12	9
Desc	IPR037165	8	10	12	24	7	9	9	5
Desc	IPR036890	8	8	7	19	13	23	8	7
Desc	IPR036884	8	7	8	12	7	8	7	5
Desc	IPR036856	8	6	8	12	7	8	7	5
Desc	IPR036683	8	6	8	13	6	9	7	5
Desc	IPR036526	8	8	6	11	6	10	5	8
Desc	IPR036036	8	7	5	9	9	11	6	9
Desc	IPR035647	8	9	9	13	9	4	7	6
Desc	IPR023696	8	8	10	11	10	10	10	6
Desc	IPR017938	8	6	8	13	8	17	12	9
Desc	IPR016177	8	8	6	8	6	4	5	6
Desc	IPR015819	8	8	13	16	7	9	10	4
Desc	IPR011332	8	7	5	7	7	10	6	8
Desc	IPR011030	8	9	14	11	6	8	9	4
Desc	IPR011013	8	6	9	12	13	16	9	15
Desc	IPR009001	8	8	7	9	10	9	5	9
Desc	IPR036938	7	5	6	8	9	10	5	9
Desc	IPR036859	7	7	7	9	9	11	8	7
Desc	IPR036846	7	8	4	1	2	5	2	4
Desc	IPR036697	7	7	8	4	5	5	3	10
Desc	IPR036598	7	8	8	6	7	10	5	9
Desc	IPR036574	7	7	4	6	1	2	15	9
Desc	IPR036568	7	7	7	5	5	7	4	6
Desc	IPR036345	7	7	7	10	9	9	6	6
Desc	IPR036168	7	7	6	9	9	9	6	5
Desc	IPR036085	7	5	7	9	5	7	7	6
Desc	IPR035992	7	7	8	6	10	10	7	14
Desc	IPR035441	7	7	7	5	8	8	8	6
Desc	IPR032710	7	8	10	6	8	7	9	10
Desc	IPR029030	7	7	6	8	6	5	8	7
Desc	IPR016185	7	4	6	12	12	8	6	8
Desc	IPR016064	7	10	5	13	9	14	12	12
Desc	IPR014743	7	7	8	8	5	6	10	3
Desc	IPR011330	7	5	8	11	11	15	9	15
Desc	IPR011249	7	7	10	15	11	11	10	7
Desc	IPR010982	7	6	5	7	9	12	8	8
Desc	IPR009050	7	7	4	6	4	3	2	3
Desc	IPR009008	7	8	6	10	6	8	4	6
Desc	IPR008971	7	7	7	8	8	7	8	9
Desc	IPR008922	7	7	8	3	7	7	3	8
Desc	IPR037175	6	8	8	7	1	1	1	0
Desc	IPR036928	6	7	6	16	5	9	6	6
Desc	IPR036892	6	7	4	5	7	5	4	5
Desc	IPR036852	6	6	7	8	8	11	12	5
Desc	IPR036772	6	5	6	3	4	3	4	4
Desc	IPR036736	6	5	4	9	7	38	6	6
Desc	IPR036438	6	8	3	4	3	4	3	7
Desc	IPR036431	6	6	5	8	9	12	9	6
Desc	IPR036423	6	6	7	7	5	7	6	5
Desc	IPR036389	6	4	7	6	4	5	4	4
Desc	IPR036352	6	5	4	9	7	7	4	7
Desc	IPR036272	6	3	7	7	3	5	4	14
Desc	IPR036265	6	9	6	8	12	11	7	10
Desc	IPR036181	6	6	4	5	8	7	4	6
Desc	IPR035896	6	6	5	13	4	5	4	4
Desc	IPR035427	6	4	4	4	6	7	6	7
Desc	IPR029069	6	5	5	11	6	7	8	10
Desc	IPR029057	6	6	5	15	10	13	10	8
Desc	IPR029018	6	5	8	4	7	7	3	4
Desc	IPR027469	6	6	6	7	8	9	8	7
Desc	IPR011025	6	6	6	9	7	6	5	8
Desc	IPR009061	6	6	5	6	7	8	5	6
Desc	IPR008921	6	4	7	6	9	7	6	5
Desc	IPR037231	5	4	3	5	2	3	4	4
Desc	IPR037220	5	8	8	20	0	2	2	0
Desc	IPR036907	5	5	3	5	5	4	1	5
Desc	IPR036850	5	5	5	8	7	8	5	4
Desc	IPR036378	5	5	4	10	5	3	7	4
Desc	IPR036372	5	3	5	10	6	5	6	5
Desc	IPR036364	5	5	4	4	5	4	4	2
Desc	IPR036300	5	5	3	5	5	6	6	5
Desc	IPR036279	5	6	7	3	5	5	2	4
Desc	IPR036264	5	3	3	5	2	3	3	6
Desc	IPR036026	5	5	4	9	5	5	4	5
Desc	IPR035999	5	5	5	5	8	7	7	5
Desc	IPR035921	5	5	11	7	5	6	6	8
Desc	IPR024096	5	5	4	5	6	10	5	8
Desc	IPR018163	5	6	4	8	7	6	4	5
Desc	IPR016156	5	5	4	7	6	7	7	6
Desc	IPR013041	5	2	6	3	5	5	5	5
Desc	IPR012678	5	4	5	6	4	5	5	4
Desc	IPR012676	5	6	5	7	6	4	5	4
Desc	IPR011335	5	4	19	11	3	12	2	4
Desc	IPR011050	5	4	11	4	4	5	2	4
Desc	IPR010997	5	5	4	3	5	10	4	4
Desc	IPR010994	5	4	4	5	8	6	4	5
Desc	IPR009068	5	5	5	5	5	8	7	5
Desc	IPR008969	5	4	4	5	7	6	5	3
Desc	IPR008949	5	5	5	9	13	10	9	5
Desc	IPR037252	4	2	4	4	3	4	4	4
Desc	IPR037202	4	3	4	3	6	4	2	3
Desc	IPR037197	4	4	4	5	4	5	3	4
Desc	IPR037177	4	4	5	3	4	5	6	3
Desc	IPR036921	4	3	5	8	4	4	5	3
Desc	IPR036837	4	4	1	0	3	4	4	2
Desc	IPR036723	4	4	5	8	7	5	7	4
Desc	IPR036703	4	4	5	5	5	5	4	4
Desc	IPR036676	4	3	5	10	4	5	5	3
Desc	IPR036645	4	3	4	3	3	4	2	3
Desc	IPR036603	4	4	2	4	4	5	4	4
Desc	IPR036599	4	3	3	2	3	4	3	3
Desc	IPR036595	4	5	3	4	5	5	3	6
Desc	IPR036578	4	4	4	4	6	5	4	4
Desc	IPR036570	4	4	6	7	5	4	3	3
Desc	IPR036436	4	5	4	5	4	6	5	5
Desc	IPR036410	4	4	4	5	4	3	3	4
Desc	IPR036407	4	4	4	5	6	5	1	4
Desc	IPR036359	4	3	9	0	0	0	0	0
Desc	IPR036224	4	3	4	5	5	6	4	4
Desc	IPR036187	4	4	2	6	5	5	3	2
Desc	IPR036156	4	3	4	4	3	2	3	3
Desc	IPR036155	4	2	4	5	3	3	2	3
Desc	IPR036134	4	2	4	7	3	5	2	4
Desc	IPR036045	4	4	5	6	8	7	6	5
Desc	IPR035994	4	4	2	5	4	4	4	8
Desc	IPR035985	4	6	7	13	10	9	10	8
Desc	IPR035984	4	4	6	4	5	6	4	9
Desc	IPR035974	4	5	7	9	8	7	7	5
Desc	IPR035967	4	4	4	4	5	7	4	5
Desc	IPR032695	4	3	5	8	4	5	4	7
Desc	IPR029149	4	4	4	8	8	6	8	6
Desc	IPR029039	4	3	4	4	4	5	5	3
Desc	IPR029028	4	4	4	8	6	5	5	4
Desc	IPR023346	4	7	4	6	2	2	2	15
Desc	IPR016194	4	4	4	5	4	6	4	4
Desc	IPR016102	4	4	4	9	6	7	5	5
Desc	IPR015955	4	4	5	5	8	11	8	6
Desc	IPR014746	4	5	4	11	6	5	4	8
Desc	IPR013806	4	3	3	3	4	3	3	2
Desc	IPR011257	4	3	3	7	3	1	3	2
Desc	IPR011059	4	2	2	8	6	7	4	5
Desc	IPR011054	4	3	3	7	6	6	4	4
Desc	IPR011051	4	4	5	10	7	7	8	5
Desc	IPR011044	4	6	9	3	2	3	6	4
Desc	IPR011043	4	3	4	3	5	8	5	3
Desc	IPR011037	4	5	7	3	10	11	5	6
Desc	IPR011004	4	7	8	13	7	7	5	2
Desc	IPR009051	4	4	4	6	3	5	4	4
Desc	IPR009014	4	5	4	7	5	5	1	4
Desc	IPR008989	4	6	4	3	5	7	2	4
Desc	IPR043141	3	2	3	4	4	4	3	3
Desc	IPR038077	3	4	3	5	2	3	3	2
Desc	IPR037282	3	1	1	3	3	3	2	2
Desc	IPR037259	3	2	3	3	3	4	3	3
Desc	IPR037241	3	2	3	2	3	3	2	3
Desc	IPR037239	3	4	3	7	7	7	9	4
Desc	IPR037219	3	3	4	6	5	4	3	3
Desc	IPR037196	3	3	3	5	4	4	3	3
Desc	IPR037191	3	3	5	4	6	4	8	4
Desc	IPR036969	3	3	2	5	4	3	3	3
Desc	IPR036922	3	3	3	4	4	4	3	4
Desc	IPR036909	3	2	2	6	4	6	4	4
Desc	IPR036900	3	3	2	3	3	4	4	3
Desc	IPR036886	3	2	2	3	3	5	2	3
Desc	IPR036853	3	2	1	3	2	5	2	2
Desc	IPR036838	3	3	3	5	3	4	3	3
Desc	IPR036821	3	2	2	3	2	1	1	2
Desc	IPR036775	3	3	3	3	3	3	0	3
Desc	IPR036625	3	3	4	5	3	2	2	1
Desc	IPR036623	3	3	4	4	2	2	2	0
Desc	IPR036617	3	3	3	2	1	1	1	1
Desc	IPR036589	3	3	6	6	1	1	1	2
Desc	IPR036572	3	3	1	3	5	3	4	3
Desc	IPR036554	3	5	3	5	5	5	3	3
Desc	IPR036534	3	3	2	3	3	3	0	2
Desc	IPR036527	3	3	1	3	3	5	2	4
Desc	IPR036497	3	3	2	2	3	2	2	2
Desc	IPR036458	3	3	4	6	4	5	5	2
Desc	IPR036452	3	3	4	5	2	2	1	3
Desc	IPR036375	3	2	14	10	7	7	3	2
Desc	IPR036339	3	2	2	2	3	2	2	3
Desc	IPR036329	3	3	3	5	3	3	5	3
Desc	IPR036286	3	3	3	5	3	4	3	3
Desc	IPR036284	3	3	4	2	4	5	4	5
Desc	IPR036280	3	4	4	1	0	1	0	0
Desc	IPR036277	3	2	3	2	4	7	4	4
Desc	IPR036238	3	3	2	4	1	1	3	1
Desc	IPR036227	3	3	3	4	3	5	3	3
Desc	IPR036180	3	3	4	4	3	3	3	5
Desc	IPR036175	3	3	3	3	3	3	3	3
Desc	IPR036174	3	3	2	2	4	3	3	3
Desc	IPR036167	3	2	3	2	2	3	2	3
Desc	IPR036163	3	2	2	0	3	3	4	2
Desc	IPR036157	3	0	1	1	2	1	0	1
Desc	IPR036121	3	3	3	6	6	3	3	6
Desc	IPR036075	3	3	3	3	2	3	2	5
Desc	IPR036070	3	3	4	4	3	6	4	3
Desc	IPR036065	3	4	2	3	1	2	1	2
Desc	IPR036060	3	3	3	4	3	3	4	2
Desc	IPR036043	3	3	1	7	3	4	1	2
Desc	IPR035959	3	1	7	4	2	4	2	2
Desc	IPR035927	3	3	3	5	3	8	3	2
Desc	IPR035898	3	3	2	7	1	4	1	1
Desc	IPR034904	3	3	2	6	4	5	3	5
Desc	IPR029072	3	3	3	4	2	1	1	2
Desc	IPR029067	3	2	3	2	4	3	4	4
Desc	IPR029066	3	2	2	4	2	4	4	3
Desc	IPR029043	3	3	3	3	4	3	3	3
Desc	IPR029001	3	3	3	5	2	4	2	2
Desc	IPR028995	3	2	3	5	7	7	4	8
Desc	IPR028375	3	2	2	3	2	3	4	3
Desc	IPR027421	3	3	4	1	3	4	2	1
Desc	IPR025659	3	3	3	5	4	4	3	4
Desc	IPR023674	3	3	3	4	5	3	4	4
Desc	IPR023509	3	2	3	6	1	1	1	1
Desc	IPR023476	3	3	3	4	4	5	4	3
Desc	IPR023398	3	3	3	3	4	6	5	7
Desc	IPR016193	3	3	2	9	8	5	5	7
Desc	IPR016164	3	4	3	4	3	3	2	2
Desc	IPR016055	3	3	2	5	5	5	7	4
Desc	IPR015813	3	3	4	10	9	7	3	4
Desc	IPR013784	3	3	4	3	4	3	4	7
Desc	IPR011060	3	3	3	10	4	4	5	3
Desc	IPR011057	3	3	3	5	3	6	3	3
Desc	IPR010919	3	3	3	3	3	5	2	3
Desc	IPR009028	3	2	4	3	3	3	3	3
Desc	IPR009010	3	2	3	3	5	3	2	4
Desc	IPR008996	3	3	4	5	4	3	3	3
Desc	IPR008993	3	2	3	2	2	2	1	3
Desc	IPR008983	3	3	3	3	3	4	3	1
Desc	IPR008977	3	4	6	4	4	4	4	4
Desc	IPR008962	3	3	5	5	3	3	4	5
Desc	IPR008917	3	3	4	3	5	4	4	4
Desc	IPR004240	3	3	3	9	4	5	3	3
Desc	IPR039672	2	2	3	4	3	3	2	0
Desc	IPR038081	2	3	3	2	5	4	3	1
Desc	IPR037275	2	2	2	1	2	1	1	2
Desc	IPR037249	2	1	0	2	2	2	1	2
Desc	IPR037245	2	2	1	1	2	1	1	2
Desc	IPR037212	2	2	3	3	4	4	3	3
Desc	IPR037198	2	1	2	2	4	4	2	1
Desc	IPR036925	2	1	0	4	3	2	3	2
Desc	IPR036919	2	2	3	3	2	3	2	3
Desc	IPR036918	2	2	3	6	6	6	3	6
Desc	IPR036914	2	1	1	6	4	2	1	2
Desc	IPR036906	2	0	0	4	1	1	1	3
Desc	IPR036899	2	1	2	5	2	3	2	2
Desc	IPR036895	2	2	4	4	4	4	2	2
Desc	IPR036885	2	2	2	3	3	4	3	3
Desc	IPR036882	2	1	2	2	3	1	2	2
Desc	IPR036880	2	2	3	4	8	10	3	45
Desc	IPR036879	2	2	2	2	3	2	4	2
Desc	IPR036877	2	2	3	3	3	7	3	3
Desc	IPR036870	2	2	2	2	2	5	3	3
Desc	IPR036858	2	2	1	2	2	1	2	2
Desc	IPR036857	2	2	2	2	3	2	2	3
Desc	IPR036849	2	2	0	5	3	3	2	1
Desc	IPR036834	2	2	2	2	1	1	1	2
Desc	IPR036823	2	1	2	3	2	2	2	3
Desc	IPR036815	2	1	4	3	4	5	4	2
Desc	IPR036811	2	2	1	2	2	1	1	2
Desc	IPR036796	2	2	2	4	2	3	1	2
Desc	IPR036789	2	2	1	1	1	1	1	1
Desc	IPR036769	2	2	1	2	2	3	2	2
Desc	IPR036695	2	0	4	3	1	1	1	1
Desc	IPR036690	2	2	1	0	3	2	1	1
Desc	IPR036678	2	3	1	4	4	3	2	2
Desc	IPR036663	2	2	4	8	2	2	3	4
Desc	IPR036651	2	2	1	6	2	1	1	2
Desc	IPR036643	2	2	1	2	2	3	2	2
Desc	IPR036600	2	1	1	3	3	4	1	2
Desc	IPR036591	2	1	3	3	1	1	1	1
Desc	IPR036575	2	2	2	2	2	2	1	3
Desc	IPR036549	2	2	1	3	2	3	1	2
Desc	IPR036529	2	3	2	5	2	4	1	2
Desc	IPR036521	2	1	2	2	1	1	1	1
Desc	IPR036517	2	1	2	4	3	4	4	4
Desc	IPR036511	2	2	2	4	3	3	2	2
Desc	IPR036483	2	2	1	1	2	3	1	2
Desc	IPR036477	2	3	2	4	4	4	2	3
Desc	IPR036425	2	2	1	2	3	3	2	1
Desc	IPR036424	2	2	2	2	2	4	3	2
Desc	IPR036419	2	2	2	3	1	2	2	1
Desc	IPR036418	2	2	1	2	2	4	2	3
Desc	IPR036409	2	1	2	2	2	3	2	2
Desc	IPR036285	2	1	1	0	2	3	1	2
Desc	IPR036237	2	2	1	3	2	1	1	1
Desc	IPR036223	2	2	2	3	2	2	1	1
Desc	IPR036218	2	2	2	0	1	1	3	1
Desc	IPR036201	2	2	4	8	0	1	3	0
Desc	IPR036196	2	2	2	2	3	3	2	4
Desc	IPR036122	2	1	1	1	1	1	1	1
Desc	IPR036117	2	2	1	2	5	3	2	0
Desc	IPR036108	2	2	2	3	1	2	1	2
Desc	IPR036096	2	2	2	2	2	2	1	1
Desc	IPR036056	2	2	2	3	2	3	2	13
Desc	IPR036054	2	1	2	5	3	3	2	1
Desc	IPR036053	2	3	2	4	3	2	2	2
Desc	IPR036052	2	2	2	4	2	6	2	2
Desc	IPR036049	2	1	1	1	1	2	1	1
Desc	IPR036046	2	2	3	2	2	2	3	7
Desc	IPR035968	2	2	2	2	2	4	2	1
Desc	IPR035912	2	2	2	3	1	1	1	1
Desc	IPR035903	2	2	2	4	2	2	3	2
Desc	IPR035901	2	0	4	2	0	2	1	1
Desc	IPR035445	2	2	1	2	1	1	1	2
Desc	IPR034804	2	2	4	2	3	2	2	3
Desc	IPR034666	2	3	1	4	4	3	3	2
Desc	IPR033469	2	1	2	2	1	3	2	2
Desc	IPR029068	2	2	3	3	3	5	3	3
Desc	IPR029041	2	1	1	3	4	3	2	2
Desc	IPR029040	2	2	2	2	1	2	2	2
Desc	IPR029027	2	1	1	2	0	0	0	2
Desc	IPR029017	2	1	0	2	3	3	2	1
Desc	IPR024072	2	2	3	2	1	3	2	1
Desc	IPR023606	2	3	2	5	2	2	2	2
Desc	IPR023591	2	2	2	4	3	2	2	2
Desc	IPR023574	2	2	2	3	2	2	2	2
Desc	IPR023405	2	2	2	4	4	2	2	2
Desc	IPR022636	2	2	2	4	1	1	1	1
Desc	IPR020835	2	2	3	4	1	2	5	2
Desc	IPR017945	2	1	3	5	3	1	0	1
Desc	IPR017943	2	2	1	1	1	3	1	1
Desc	IPR016190	2	2	2	1	2	4	2	2
Desc	IPR016189	2	2	2	1	2	4	2	2
Desc	IPR016151	2	2	1	4	2	3	2	2
Desc	IPR014719	2	2	3	2	2	1	2	2
Desc	IPR011049	2	4	10	0	1	1	0	0
Desc	IPR011048	2	4	0	0	3	1	0	0
Desc	IPR011039	2	2	2	1	2	2	2	2
Desc	IPR011035	2	2	3	2	3	2	3	2
Desc	IPR011034	2	1	1	3	2	3	2	2
Desc	IPR011015	2	2	2	2	2	2	2	4
Desc	IPR010995	2	2	1	2	2	3	0	1
Desc	IPR010978	2	3	1	4	4	2	2	2
Desc	IPR009088	2	2	3	2	2	2	1	3
Desc	IPR009045	2	2	1	2	1	1	1	1
Desc	IPR009033	2	2	2	4	3	3	1	4
Desc	IPR009019	2	2	3	4	3	3	5	1
Desc	IPR009018	2	2	1	2	1	2	1	2
Desc	IPR009017	2	2	2	2	2	2	2	1
Desc	IPR009006	2	2	1	2	1	3	3	2
Desc	IPR008999	2	2	2	3	2	3	3	2
Desc	IPR008954	2	2	2	2	2	2	2	2
Desc	IPR042502	1	1	1	1	1	1	1	0
Desc	IPR039298	1	1	1	0	1	1	1	2
Desc	IPR038085	1	0	1	2	2	1	2	3
Desc	IPR038071	1	1	1	2	1	1	1	1
Desc	IPR038060	1	0	1	1	1	1	1	0
Desc	IPR038023	1	1	1	1	1	0	1	1
Desc	IPR037274	1	1	1	1	1	0	0	1
Desc	IPR037264	1	2	1	1	2	2	2	3
Desc	IPR037256	1	1	1	0	1	1	1	1
Desc	IPR037255	1	1	1	1	2	1	1	2
Desc	IPR037232	1	1	1	2	1	3	1	1
Desc	IPR037229	1	1	0	1	1	1	2	1
Desc	IPR037227	1	0	1	1	4	8	1	2
Desc	IPR037225	1	1	1	3	2	0	1	3
Desc	IPR037218	1	1	1	1	1	2	2	3
Desc	IPR037217	1	1	1	1	1	2	1	1
Desc	IPR037214	1	1	1	1	1	2	1	1
Desc	IPR037207	1	1	1	3	2	0	1	3
Desc	IPR037206	1	0	1	1	1	1	1	1
Desc	IPR037200	1	1	1	1	1	1	1	1
Desc	IPR037193	1	1	1	3	1	1	3	1
Desc	IPR037192	1	0	1	2	0	2	1	1
Desc	IPR037190	1	1	1	1	1	1	0	1
Desc	IPR037189	1	1	1	2	2	2	1	1
Desc	IPR037188	1	0	1	1	1	1	1	1
Desc	IPR037181	1	1	1	1	2	1	1	1
Desc	IPR037169	1	1	1	1	1	2	1	2
Desc	IPR037143	1	1	1	3	1	0	0	1
Desc	IPR037099	1	1	1	5	2	1	2	2
Desc	IPR036930	1	1	2	0	1	1	1	1
Desc	IPR036926	1	1	0	1	1	2	1	1
Desc	IPR036920	1	2	1	2	3	2	3	2
Desc	IPR036911	1	1	1	1	0	0	0	0
Desc	IPR036903	1	1	1	1	2	1	1	1
Desc	IPR036901	1	1	1	5	3	1	0	1
Desc	IPR036898	1	1	2	2	3	5	3	3
Desc	IPR036897	1	0	1	5	2	1	1	1
Desc	IPR036891	1	1	1	3	2	1	1	1
Desc	IPR036883	1	1	1	1	1	2	1	1
Desc	IPR036874	1	0	0	1	1	2	1	1
Desc	IPR036824	1	1	1	1	1	2	1	2
Desc	IPR036822	1	1	1	1	1	1	1	1
Desc	IPR036820	1	1	1	1	1	0	1	1
Desc	IPR036817	1	1	1	0	1	1	0	1
Desc	IPR036803	1	1	1	2	1	2	1	1
Desc	IPR036802	1	1	1	2	1	1	1	4
Desc	IPR036794	1	1	1	1	0	0	1	1
Desc	IPR036788	1	1	1	2	2	1	1	1
Desc	IPR036784	1	1	0	1	1	1	1	1
Desc	IPR036773	1	2	2	2	3	6	1	1
Desc	IPR036771	1	1	1	2	0	0	1	1
Desc	IPR036767	1	1	3	4	3	2	2	1
Desc	IPR036759	1	1	1	1	1	1	2	1
Desc	IPR036756	1	1	1	1	1	1	1	1
Desc	IPR036753	1	1	1	1	2	1	1	2
Desc	IPR036748	1	1	1	2	2	1	1	1
Desc	IPR036744	1	1	1	2	1	2	1	1
Desc	IPR036743	1	1	1	1	1	1	1	1
Desc	IPR036739	1	1	0	1	1	1	3	1
Desc	IPR036738	1	1	1	1	1	0	1	1
Desc	IPR036732	1	1	1	1	1	1	1	1
Desc	IPR036726	1	1	1	4	3	2	1	2
Desc	IPR036720	1	1	1	1	1	1	0	1
Desc	IPR036714	1	1	2	1	1	1	0	2
Desc	IPR036710	1	1	1	1	1	1	2	1
Desc	IPR036705	1	1	1	1	1	1	2	0
Desc	IPR036688	1	1	1	0	0	1	1	1
Desc	IPR036671	1	1	1	0	2	2	2	2
Desc	IPR036670	1	1	1	2	2	0	0	0
Desc	IPR036669	1	1	1	1	1	1	1	1
Desc	IPR036658	1	1	0	1	1	1	1	1
Desc	IPR036656	1	1	1	1	1	1	1	1
Desc	IPR036652	1	1	1	2	2	2	1	1
Desc	IPR036649	1	1	2	3	2	2	1	1
Desc	IPR036642	1	1	1	1	1	1	1	1
Desc	IPR036639	1	1	2	2	4	3	3	2
Desc	IPR036636	1	0	1	2	3	2	1	2
Desc	IPR036616	1	1	2	1	1	2	1	1
Desc	IPR036615	1	1	1	1	3	1	1	1
Desc	IPR036605	1	1	1	1	1	1	1	1
Desc	IPR036604	1	1	1	1	1	1	1	1
Desc	IPR036602	1	1	1	1	1	1	0	0
Desc	IPR036597	1	0	1	1	1	1	1	1
Desc	IPR036590	1	1	1	1	2	1	1	1
Desc	IPR036580	1	1	1	0	1	1	1	2
Desc	IPR036565	1	1	1	4	3	1	1	2
Desc	IPR036563	1	1	1	1	1	0	1	1
Desc	IPR036561	1	1	1	2	1	1	1	1
Desc	IPR036553	1	1	1	1	2	2	1	2
Desc	IPR036552	1	1	1	2	1	1	2	2
Desc	IPR036551	1	1	1	3	1	1	1	1
Desc	IPR036544	1	1	1	0	1	2	1	2
Desc	IPR036543	1	1	1	0	1	2	2	1
Desc	IPR036539	1	1	2	2	1	0	2	3
Desc	IPR036535	1	1	1	0	1	1	2	1
Desc	IPR036533	1	1	1	1	1	1	1	1
Desc	IPR036531	1	1	1	1	1	1	1	1
Desc	IPR036522	1	1	1	1	1	1	1	1
Desc	IPR036509	1	1	1	3	1	1	1	1
Desc	IPR036498	1	1	0	2	1	1	1	3
Desc	IPR036494	1	1	1	2	1	2	0	2
Desc	IPR036485	1	1	1	3	2	3	0	1
Desc	IPR036480	1	0	1	2	1	0	1	1
Desc	IPR036464	1	1	2	1	1	2	2	1
Desc	IPR036456	1	1	1	2	1	1	1	1
Desc	IPR036451	1	0	1	1	1	1	0	0
Desc	IPR036440	1	1	0	1	1	1	1	1
Desc	IPR036433	1	1	1	2	1	1	1	1
Desc	IPR036430	1	1	0	1	1	1	1	1
Desc	IPR036428	1	1	1	1	2	4	1	1
Desc	IPR036415	1	1	1	1	1	1	1	2
Desc	IPR036413	1	1	1	2	3	2	2	2
Desc	IPR036406	1	1	1	2	1	2	2	1
Desc	IPR036402	1	2	2	3	2	2	1	1
Desc	IPR036401	1	1	1	0	1	1	3	1
Desc	IPR036394	1	1	1	4	2	5	2	2
Desc	IPR036393	1	1	1	4	1	1	1	1
Desc	IPR036387	1	1	1	2	1	1	1	0
Desc	IPR036386	1	1	1	1	1	1	0	1
Desc	IPR036380	1	1	1	0	2	2	2	3
Desc	IPR036374	1	1	1	1	1	1	1	1
Desc	IPR036373	1	1	1	2	1	1	1	1
Desc	IPR036371	1	1	1	1	1	1	2	1
Desc	IPR036358	1	1	1	1	1	2	1	1
Desc	IPR036356	1	1	1	1	1	1	0	1
Desc	IPR036353	1	1	1	1	1	1	1	2
Desc	IPR036351	1	1	1	1	2	2	1	1
Desc	IPR036349	1	1	1	3	1	1	1	1
Desc	IPR036348	1	1	1	1	1	1	1	1
Desc	IPR036338	1	1	1	1	1	2	1	1
Desc	IPR036324	1	1	2	2	2	1	1	1
Desc	IPR036315	1	1	1	1	2	2	1	0
Desc	IPR036314	1	1	2	2	2	0	1	1
Desc	IPR036306	1	1	1	0	1	2	1	1
Desc	IPR036296	1	1	1	1	1	1	1	8
Desc	IPR036290	1	1	1	1	1	1	1	1
Desc	IPR036283	1	1	1	1	1	1	1	1
Desc	IPR036278	1	1	0	0	0	0	0	0
Desc	IPR036274	1	2	1	4	2	3	3	3
Desc	IPR036258	1	1	1	3	2	1	3	1
Desc	IPR036252	1	1	1	1	1	1	3	1
Desc	IPR036241	1	1	0	1	2	1	1	2
Desc	IPR036235	1	1	2	2	1	1	1	1
Desc	IPR036228	1	1	1	1	1	1	1	2
Desc	IPR036222	1	1	1	1	1	1	0	1
Desc	IPR036220	1	1	1	2	1	1	1	1
Desc	IPR036219	1	1	2	2	2	2	2	2
Desc	IPR036204	1	1	1	1	1	0	2	2
Desc	IPR036202	1	1	1	1	1	2	1	1
Desc	IPR036193	1	1	1	1	2	1	2	1
Desc	IPR036191	1	1	1	2	2	1	1	1
Desc	IPR036189	1	1	1	0	1	1	1	1
Desc	IPR036176	1	1	1	1	1	1	1	1
Desc	IPR036164	1	1	1	2	1	1	1	1
Desc	IPR036161	1	1	1	0	1	1	1	1
Desc	IPR036152	1	1	2	2	1	2	1	2
Desc	IPR036142	1	1	1	1	1	1	0	1
Desc	IPR036140	1	1	0	2	1	1	1	1
Desc	IPR036137	1	0	2	1	1	1	1	1
Desc	IPR036135	1	1	1	1	1	1	1	1
Desc	IPR036133	1	0	1	1	1	1	3	3
Desc	IPR036132	1	1	1	1	1	1	2	1
Desc	IPR036128	1	1	1	1	1	1	0	4
Desc	IPR036119	1	1	1	3	1	1	2	1
Desc	IPR036115	1	0	1	1	1	1	1	2
Desc	IPR036111	1	1	1	3	0	0	0	3
Desc	IPR036086	1	1	1	3	4	1	0	1
Desc	IPR036084	1	0	0	4	2	1	2	8
Desc	IPR036079	1	1	1	2	2	2	1	2
Desc	IPR036078	1	0	1	1	1	1	1	1
Desc	IPR036071	1	1	1	1	1	2	1	1
Desc	IPR036069	1	0	1	1	1	3	1	1
Desc	IPR036068	1	1	1	2	1	1	2	1
Desc	IPR036063	1	1	1	1	1	2	1	1
Desc	IPR036038	1	1	0	3	1	2	2	1
Desc	IPR036025	1	1	1	3	1	1	1	1
Desc	IPR036024	1	2	1	2	1	0	2	4
Desc	IPR036008	1	2	3	7	6	2	4	4
Desc	IPR036002	1	1	1	1	2	1	1	2
Desc	IPR035996	1	1	0	2	1	1	1	1
Desc	IPR035993	1	1	0	2	1	0	1	2
Desc	IPR035991	1	1	1	2	1	1	1	18
Desc	IPR035990	1	1	1	2	1	1	1	1
Desc	IPR035987	1	1	1	2	1	1	1	2
Desc	IPR035986	1	1	1	2	1	1	1	1
Desc	IPR035980	1	1	1	1	2	2	0	1
Desc	IPR035977	1	0	0	0	1	1	0	1
Desc	IPR035966	1	1	1	3	3	1	3	1
Desc	IPR035964	1	1	0	3	2	2	3	2
Desc	IPR035957	1	1	1	1	1	1	1	1
Desc	IPR035929	1	1	1	3	1	1	1	1
Desc	IPR035917	1	1	1	1	1	1	2	1
Desc	IPR035913	1	1	1	0	1	1	2	1
Desc	IPR035910	1	1	1	2	2	1	2	2
Desc	IPR035906	1	1	1	12	0	5	0	0
Desc	IPR035893	1	2	1	2	1	1	1	1
Desc	IPR035566	1	1	1	2	2	1	2	1
Desc	IPR034704	1	1	1	2	0	1	0	1
Desc	IPR034610	1	1	0	1	1	1	1	0
Desc	IPR029038	1	1	1	2	1	1	1	1
Desc	IPR029032	1	1	1	1	1	2	1	1
Desc	IPR029014	1	1	1	3	2	2	3	2
Desc	IPR029009	1	1	1	1	1	1	1	0
Desc	IPR028974	1	1	1	1	1	1	1	1
Desc	IPR027477	1	1	1	5	2	1	2	2
Desc	IPR027468	1	1	1	0	1	1	1	1
Desc	IPR026015	1	1	1	0	1	1	1	1
Desc	IPR024078	1	1	1	3	1	1	1	1
Desc	IPR024055	1	1	1	1	1	2	1	1
Desc	IPR024054	1	0	1	1	1	2	1	1
Desc	IPR024049	1	1	1	1	1	1	1	1
Desc	IPR023803	1	1	1	3	1	1	1	1
Desc	IPR023799	1	1	1	1	1	2	1	1
Desc	IPR023626	1	1	1	1	1	6	1	1
Desc	IPR023580	1	1	1	1	0	1	1	1
Desc	IPR023575	1	1	0	3	2	1	1	1
Desc	IPR023534	1	0	1	1	1	1	1	1
Desc	IPR023471	1	1	2	2	1	1	1	1
Desc	IPR023465	1	0	0	1	1	0	1	1
Desc	IPR023397	1	1	2	2	1	1	1	1
Desc	IPR023392	1	1	1	1	2	3	1	2
Desc	IPR023391	1	1	1	1	2	3	1	3
Desc	IPR023352	1	1	4	2	3	3	3	3
Desc	IPR023201	1	1	0	3	1	0	1	1
Desc	IPR023142	1	1	1	1	1	1	1	1
Desc	IPR022830	1	1	1	2	1	1	1	1
Desc	IPR022803	1	1	1	4	2	1	1	1
Desc	IPR021157	1	1	1	1	1	1	1	2
Desc	IPR020091	1	0	1	0	1	1	0	0
Desc	IPR018162	1	1	2	4	3	3	2	2
Desc	IPR017449	1	1	1	1	1	1	1	1
Desc	IPR016562	1	1	1	1	1	2	1	1
Desc	IPR016195	1	1	1	3	2	2	1	1
Desc	IPR016155	1	1	1	1	1	1	2	2
Desc	IPR016152	1	2	2	4	2	3	2	2
Desc	IPR016084	1	1	1	4	1	1	0	2
Desc	IPR016067	1	1	0	2	1	2	2	1
Desc	IPR016025	1	1	1	1	2	1	4	1
Desc	IPR015988	1	1	1	2	1	1	1	1
Desc	IPR013805	1	1	2	3	3	1	1	1
Desc	IPR013792	1	1	2	3	3	3	2	2
Desc	IPR013760	1	2	1	4	3	6	1	1
Desc	IPR012338	1	1	1	8	3	4	1	1
Desc	IPR011322	1	1	2	1	1	2	1	1
Desc	IPR011068	1	1	1	1	1	1	1	1
Desc	IPR011061	1	0	1	1	1	0	1	1
Desc	IPR011033	1	1	1	3	1	0	1	1
Desc	IPR011026	1	0	2	1	1	1	1	1
Desc	IPR011008	1	1	0	2	1	3	1	1
Desc	IPR011001	1	1	2	2	3	4	3	2
Desc	IPR010979	1	1	2	1	1	2	2	1
Desc	IPR010921	1	2	2	3	2	0	1	0
Desc	IPR009110	1	1	1	1	1	2	1	0
Desc	IPR009089	1	1	1	0	1	0	0	0
Desc	IPR009069	1	1	2	2	6	4	3	7
Desc	IPR009062	1	1	1	1	1	1	1	0
Desc	IPR009044	1	1	1	1	1	1	1	1
Desc	IPR009029	1	1	0	1	1	1	1	1
Desc	IPR009027	1	1	1	2	3	2	2	2
Desc	IPR009023	1	1	0	1	0	1	1	1
Desc	IPR009016	1	0	1	2	1	2	1	1
Desc	IPR008964	1	1	1	1	1	0	1	1
Desc	IPR008963	1	1	2	1	1	1	2	1
Desc	IPR008948	1	2	2	8	6	6	4	6
Desc	IPR008926	1	1	1	2	1	1	1	1
Desc	IPR008925	1	1	1	3	3	1	0	1
Desc	IPR008210	1	1	1	3	1	1	1	2
Desc	IPR004394	1	1	1	0	1	1	2	1
Desc	IPR004115	1	1	1	3	2	1	1	1
Desc	IPR003789	1	1	1	3	0	2	1	1
Desc	IPR000415	1	1	2	2	1	1	2	1
Desc	IPR016133	0	2	0	1	1	0	0	0
Desc	IPR038763	0	1	1	3	2	2	1	1
Desc	IPR037284	0	1	0	1	0	0	0	0
Desc	IPR036747	0	1	1	1	1	1	1	1
Desc	IPR036742	0	1	1	1	0	1	1	2
Desc	IPR036741	0	1	1	1	1	1	0	1
Desc	IPR036637	0	1	0	2	1	0	0	0
Desc	IPR036566	0	1	1	1	1	1	0	0
Desc	IPR036524	0	1	0	1	2	1	1	1
Desc	IPR036320	0	1	1	0	1	1	1	0
Desc	IPR036225	0	1	1	2	2	1	1	1
Desc	IPR035970	0	1	0	1	1	1	1	1
Desc	IPR035915	0	1	1	1	2	1	1	1
Desc	IPR035902	0	1	1	1	1	2	1	0
Desc	IPR023621	0	1	1	1	0	3	1	1
Desc	IPR016184	0	1	1	0	0	0	1	0
Desc	IPR011145	0	1	0	1	2	2	1	1
Desc	IPR011045	0	1	1	1	0	0	0	0
Desc	IPR011006	0	1	0	10	3	6	0	0
Desc	IPR009012	0	1	2	3	2	1	1	1
Desc	IPR036454	0	0	2	2	1	1	1	1
Desc	IPR038069	0	0	1	0	3	1	1	1
Desc	IPR036844	0	0	1	1	1	1	1	1
Desc	IPR036786	0	0	1	1	1	1	1	1
Desc	IPR036537	0	0	1	0	1	2	1	1
Desc	IPR036504	0	0	1	1	2	1	1	0
Desc	IPR036208	0	0	1	1	1	1	1	1
Desc	IPR036051	0	0	1	1	0	0	0	0
Desc	IPR024047	0	0	1	0	0	0	0	0
Desc	IPR016029	0	0	1	0	2	0	0	0
Desc	IPR013324	0	0	1	1	1	1	0	0
Desc	IPR009097	0	0	1	0	2	1	1	2
Desc	IPR036927	0	0	0	8	1	0	0	0
Desc	IPR016032	0	0	0	5	0	5	0	0
Desc	IPR036628	0	0	0	4	1	0	0	0
Desc	IPR035919	0	0	0	4	0	2	0	0
Desc	IPR036162	0	0	0	3	0	1	0	0
Desc	IPR008995	0	0	0	3	0	0	0	0
Desc	IPR036876	0	0	0	2	2	0	0	0
Desc	IPR036724	0	0	0	2	0	0	0	0
Desc	IPR036266	0	0	0	2	1	0	0	0
Desc	IPR036059	0	0	0	2	1	0	0	0
Desc	IPR035516	0	0	0	2	1	0	0	0
Desc	IPR034660	0	0	0	2	0	0	0	0
Desc	IPR029151	0	0	0	2	0	0	0	1
Desc	IPR011250	0	0	0	2	1	0	0	0
Desc	IPR011005	0	0	0	2	1	1	0	0
Desc	IPR037294	0	0	0	1	0	0	0	0
Desc	IPR037201	0	0	0	1	1	0	1	1
Desc	IPR037010	0	0	0	1	0	0	0	0
Desc	IPR036894	0	0	0	1	0	0	0	0
Desc	IPR036805	0	0	0	1	1	0	0	0
Desc	IPR036787	0	0	0	1	1	0	0	0
Desc	IPR036717	0	0	0	1	2	0	2	0
Desc	IPR036661	0	0	0	1	0	0	0	0
Desc	IPR036653	0	0	0	1	0	0	0	0
Desc	IPR036646	0	0	0	1	1	0	0	0
Desc	IPR036631	0	0	0	1	0	0	0	0
Desc	IPR036594	0	0	0	1	0	0	0	0
Desc	IPR036571	0	0	0	1	1	0	0	0
Desc	IPR036569	0	0	0	1	1	0	0	0
Desc	IPR036545	0	0	0	1	2	2	2	1
Desc	IPR036467	0	0	0	1	0	0	0	0
Desc	IPR036462	0	0	0	1	1	1	1	1
Desc	IPR036343	0	0	0	1	0	0	0	0
Desc	IPR036303	0	0	0	1	0	0	0	0
Desc	IPR036269	0	0	0	1	0	0	1	0
Desc	IPR036257	0	0	0	1	0	0	0	0
Desc	IPR036230	0	0	0	1	0	2	0	0
Desc	IPR036217	0	0	0	1	0	0	0	1
Desc	IPR036197	0	0	0	1	0	0	0	0
Desc	IPR036185	0	0	0	1	1	0	0	0
Desc	IPR036178	0	0	0	1	1	1	0	0
Desc	IPR036169	0	0	0	1	0	0	0	0
Desc	IPR036144	0	0	0	1	1	0	0	0
Desc	IPR036136	0	0	0	1	0	0	0	0
Desc	IPR036130	0	0	0	1	0	0	0	0
Desc	IPR036113	0	0	0	1	0	0	0	1
Desc	IPR036098	0	0	0	1	0	0	0	0
Desc	IPR036097	0	0	0	1	0	5	0	0
Desc	IPR035958	0	0	0	1	0	0	0	0
Desc	IPR035908	0	0	0	1	0	0	0	0
Desc	IPR028987	0	0	0	1	0	0	0	0
Desc	IPR028979	0	0	0	1	0	0	0	0
Desc	IPR027461	0	0	0	1	1	0	0	0
Desc	IPR024089	0	0	0	1	1	0	0	0
Desc	IPR023627	0	0	0	1	0	0	0	0
Desc	IPR023620	0	0	0	1	0	0	0	0
Desc	IPR020080	0	0	0	1	0	0	0	0
Desc	IPR016176	0	0	0	1	0	0	0	0
Desc	IPR016174	0	0	0	1	0	1	0	0
Desc	IPR015889	0	0	0	1	0	0	0	0
Desc	IPR013325	0	0	0	1	1	1	0	0
Desc	IPR011055	0	0	0	1	1	0	0	0
Desc	IPR011041	0	0	0	1	0	0	0	0
Desc	IPR011014	0	0	0	1	0	0	0	0
Desc	IPR005801	0	0	0	1	0	0	0	0
Desc	IPR036081	0	0	0	0	6	3	2	2
Desc	IPR037176	0	0	0	0	1	1	0	0
Desc	IPR036908	0	0	0	0	1	0	0	0
Desc	IPR036791	0	0	0	0	1	0	0	0
Desc	IPR036778	0	0	0	0	1	1	0	0
Desc	IPR036757	0	0	0	0	1	0	0	0
Desc	IPR036737	0	0	0	0	1	0	0	0
Desc	IPR036611	0	0	0	0	1	0	0	0
Desc	IPR036476	0	0	0	0	1	1	1	1
Desc	IPR036439	0	0	0	0	1	0	0	0
Desc	IPR036330	0	0	0	0	1	1	0	1
Desc	IPR036263	0	0	0	0	1	3	0	0
Desc	IPR036190	0	0	0	0	1	0	0	0
Desc	IPR036126	0	0	0	0	1	1	0	2
Desc	IPR035935	0	0	0	0	1	0	0	1
Desc	IPR027463	0	0	0	0	1	1	0	0
Desc	IPR027304	0	0	0	0	1	0	0	0
Desc	IPR026831	0	0	0	0	1	0	0	0
Desc	IPR024930	0	0	0	0	1	0	0	0
Desc	IPR023400	0	0	0	0	1	0	0	0
Desc	IPR022384	0	0	0	0	1	2	0	0
Desc	IPR014347	0	0	0	0	1	1	0	0
Desc	IPR036864	0	0	0	0	0	4	0	0
Desc	IPR036693	0	0	0	0	0	3	0	0
Desc	IPR011324	0	0	0	0	0	2	0	0
Desc	IPR036888	0	0	0	0	0	1	0	0
Desc	IPR036881	0	0	0	0	0	1	0	0
Desc	IPR036686	0	0	0	0	0	1	0	0
Desc	IPR036271	0	0	0	0	0	1	0	0
Desc	IPR036150	0	0	0	0	0	1	0	0
Desc	IPR016191	0	0	0	0	0	1	0	0
Desc	IPR016031	0	0	0	0	0	1	0	0
Desc	IPR010992	0	0	0	0	0	1	0	0
Desc	IPR008988	0	0	0	0	0	1	0	0
Desc	IPR002869	0	0	0	0	0	1	0	0
Desc	IPR035973	0	0	0	0	0	0	1	0
Desc	IPR036548	0	0	0	0	0	0	0	1
Desc	IPR036417	0	0	0	0	0	0	0	1
Desc	IPR024074	0	0	0	0	0	0	0	1
